<<<<<<< HEAD
-2777  3  26072  133284  0.56071  0.0170702  1.18644  0.0563664  -0.381858  0.00997735  0.0578757  0.0284795  0.362053  0.00995481  -0.00124876  0.0276802  0.663045  0.019715  -0.746747  0.0201548  0.758342  0.0198216  -0.692444  0.019822
-2780.88  3  26072  133284  0.580307  0.0173001  1.17112  0.0603636  -0.37032  0.00981284  0.00620838  0.0270173  0.379988  0.00975108  -0.00486648  0.0273723  0.700561  0.0190875  -0.759191  0.0192972  0.728871  0.0198639  -0.70468  0.0199007
-2789.55  3  26072  133284  0.596329  0.0176239  1.16701  0.0614307  -0.364765  0.00994214  -0.0492919  0.0278093  0.398517  0.00992822  -0.0678551  0.0282064  0.670761  0.0192052  -0.754068  0.0194629  0.741864  0.0198432  -0.675176  0.0194251
-2692.95  3  26072  133284  0.605003  0.0175851  1.12269  0.0585915  -0.369648  0.0099203  0.0459083  0.027395  0.375447  0.00989648  -0.00591537  0.0282287  0.688644  0.0199914  -0.722736  0.0196509  0.752994  0.0199509  -0.694898  0.0197197
-2878.68  3  26072  133284  0.586322  0.0170277  1.1578  0.0578472  -0.386431  0.00979053  0.047303  0.0272415  0.387818  0.00975418  0.0211497  0.0280883  0.706858  0.0193264  -0.747974  0.0191256  0.75408  0.0195574  -0.684079  0.019361
-2652.31  3  26072  133284  0.585631  0.017529  1.13319  0.0581354  -0.376862  0.00984919  0.0807792  0.0271635  0.350358  0.00978868  0.0238656  0.0268146  0.695158  0.0196948  -0.73768  0.0200821  0.732444  0.0196688  -0.731043  0.0203479
-2800.53  3  26072  133284  0.596512  0.0169313  1.12399  0.0540822  -0.373837  0.00974853  0.0158471  0.0269796  0.36645  0.00975313  0.00279801  0.0271647  0.724922  0.0191281  -0.75245  0.0193567  0.725767  0.0200353  -0.70642  0.0202379
-2760.18  3  26072  133284  0.596235  0.0169514  1.14971  0.0563325  -0.373684  0.00971989  0.0271811  0.0273116  0.366646  0.00971738  0.0201492  0.0271484  0.683717  0.0191548  -0.757738  0.0196749  0.771583  0.0199511  -0.681393  0.0195137
-2816.21  3  26072  133284  0.585634  0.0171454  1.11423  0.0538995  -0.37526  0.00970333  0.0124287  0.027311  0.377905  0.00975144  -0.0212426  0.0273822  0.66093  0.0195248  -0.753572  0.0201079  0.782724  0.0197323  -0.709741  0.0191627
-2867.24  3  26072  133284  0.565398  0.0167306  1.20196  0.0576951  -0.366693  0.00979224  0.00206617  0.0270319  0.386777  0.00967863  -0.0449767  0.0264843  0.660322  0.0195992  -0.761515  0.0200443  0.751536  0.018997  -0.745108  0.0192229
-2767.45  3  26072  133284  0.568949  0.0168218  1.23375  0.0609842  -0.365536  0.00986612  0.00977923  0.0275907  0.383143  0.00990261  -0.0152925  0.0277875  0.688182  0.0198069  -0.744296  0.0197138  0.764293  0.0201967  -0.6703  0.0193043
-2829.57  3  26072  133284  0.577582  0.0170526  1.15696  0.0572803  -0.378697  0.00971441  0.0382204  0.026714  0.380308  0.00971138  -0.0435526  0.0274  0.700638  0.0190678  -0.756568  0.0192035  0.757121  0.0195037  -0.688073  0.0195278
-2869.16  3  26072  133284  0.570785  0.0168515  1.11834  0.0532552  -0.356973  0.00952874  0.036708  0.0258545  0.383054  0.00960025  -0.0411383  0.026745  0.721541  0.0197665  -0.75005  0.0194318  0.784065  0.0200108  -0.708158  0.0193188
-2839.47  3  26072  133284  0.567544  0.0166692  1.11999  0.0487985  -0.383882  0.0098861  0.00298374  0.0269425  0.367097  0.00978179  -0.00310297  0.0270408  0.691693  0.0193913  -0.762269  0.0196235  0.748054  0.019942  -0.706323  0.0198144
-2873.59  3  26072  133284  0.57249  0.0172864  1.11935  0.0549067  -0.362762  0.00970498  -0.00758825  0.0270401  0.373257  0.00955813  0.0183714  0.0268292  0.645003  0.0192656  -0.791863  0.0204094  0.790166  0.0199114  -0.707434  0.0192317
-2772.58  3  26072  133284  0.592681  0.0165693  1.2347  0.05896  -0.377838  0.00990581  0.0272122  0.0282877  0.371137  0.0098552  -0.0528791  0.0278779  0.689021  0.0193464  -0.736546  0.0197006  0.72673  0.0196588  -0.688693  0.0196036
-2841.76  3  26072  133284  0.566868  0.0167234  1.2548  0.0619249  -0.375923  0.00991784  -0.00617889  0.027512  0.390293  0.010042  0.0216924  0.0286094  0.69942  0.0189512  -0.733005  0.0190104  0.755572  0.0200901  -0.651737  0.0193878
-2720.45  3  26072  133284  0.570695  0.0171888  1.22695  0.0640837  -0.356024  0.00973385  -0.0193772  0.0273674  0.392942  0.00985666  0.0136994  0.029188  0.694945  0.0194985  -0.736966  0.0191614  0.774476  0.0200704  -0.65319  0.0191156
-2796.82  3  26072  133284  0.588803  0.0170036  1.16022  0.0561568  -0.378433  0.00977587  -0.0114906  0.0272159  0.365449  0.00973896  0.0582136  0.0277737  0.676067  0.019195  -0.740826  0.0196342  0.773867  0.0200184  -0.701628  0.0193601
-2745.26  3  26072  133284  0.592045  0.0166814  1.26653  0.0665641  -0.370813  0.00983201  0.0388835  0.0273049  0.37832  0.00988324  0.0458111  0.028104  0.709499  0.0196317  -0.703841  0.018937  0.748819  0.0196932  -0.690996  0.0194584
-2834.78  3  26072  133284  0.574626  0.0162836  1.26835  0.0605086  -0.371305  0.00971926  0.0627539  0.0274351  0.36408  0.00977421  0.0118337  0.0267836  0.668866  0.0187879  -0.77258  0.0200287  0.773393  0.0199243  -0.691744  0.0196703
-2580.95  3  26072  133284  0.610976  0.0177124  1.19932  0.0664136  -0.377699  0.0100599  0.0670458  0.0289997  0.359656  0.0100785  -0.114394  0.0291598  0.648681  0.0195843  -0.735208  0.0202695  0.749496  0.0204168  -0.655091  0.0198373
-2742.89  3  26072  133284  0.567403  0.0170468  1.17797  0.0582294  -0.356394  0.00969474  -0.032423  0.0267791  0.368176  0.00977703  -0.0200562  0.0278531  0.709844  0.0196017  -0.750231  0.019712  0.771293  0.0203274  -0.676493  0.0195474
-2978.67  3  26072  133284  0.593067  0.0165798  1.17225  0.0546992  -0.364134  0.00965895  -0.0200141  0.0261311  0.393222  0.0097232  0.00516257  0.0269511  0.668341  0.0191487  -0.794993  0.0195955  0.79644  0.0198568  -0.666387  0.0190405
-2807.38  3  26072  133284  0.577392  0.0162979  1.33454  0.0673152  -0.378944  0.00994861  -0.0105634  0.0285923  0.391508  0.00992999  0.0403144  0.0285799  0.64681  0.0187638  -0.740703  0.0192461  0.750265  0.0194316  -0.682939  0.0193378
-2805.15  3  26072  133284  0.588612  0.0170293  1.2817  0.0743935  -0.381212  0.00979399  0.0243865  0.0276248  0.381639  0.00978671  -0.0381829  0.0272063  0.67769  0.0189697  -0.743125  0.0194286  0.762721  0.0197166  -0.689441  0.0191733
-2888.36  3  26072  133284  0.560633  0.0168074  1.12094  0.0497848  -0.375836  0.00987177  0.0208602  0.0276327  0.390658  0.00985661  -0.0103774  0.0275827  0.696509  0.0193108  -0.752992  0.0192623  0.729201  0.0197831  -0.71985  0.0196534
-2685.89  3  26072  133284  0.566532  0.0175996  1.13709  0.0569266  -0.367073  0.00989323  0.0431244  0.0283016  0.364976  0.00980005  0.0147918  0.0271869  0.675016  0.019594  -0.773668  0.0200278  0.727857  0.0200075  -0.711325  0.0204523
-2814.86  3  26072  133284  0.579276  0.0170809  1.17334  0.0589266  -0.394004  0.00985133  0.0372728  0.0280189  0.365296  0.00969766  -0.0275466  0.0273288  0.673903  0.0190754  -0.747126  0.0196994  0.718202  0.019195  -0.749006  0.0201371
-2837.36  3  26072  133284  0.566811  0.017395  1.13317  0.0566855  -0.370877  0.0096606  0.0340535  0.0264911  0.378624  0.00977198  -0.0166284  0.0276566  0.683265  0.0198932  -0.741089  0.0197594  0.815911  0.0199762  -0.676787  0.0188455
=======
-2777,3,26072,133284,0.56071,0.0170702,1.18644,0.0563664,-0.381858,0.00997735,0.0578757,0.0284795,0.362053,0.00995481,-0.00124876,0.0276802,0.663045,0.019715,-0.746747,0.0201548,0.758342,0.0198216,-0.692444,0.019822
-2780.88,3,26072,133284,0.580307,0.0173001,1.17112,0.0603636,-0.37032,0.00981284,0.00620838,0.0270173,0.379988,0.00975108,-0.00486648,0.0273723,0.700561,0.0190875,-0.759191,0.0192972,0.728871,0.0198639,-0.70468,0.0199007
-2789.55,3,26072,133284,0.596329,0.0176239,1.16701,0.0614307,-0.364765,0.00994214,-0.0492919,0.0278093,0.398517,0.00992822,-0.0678551,0.0282064,0.670761,0.0192052,-0.754068,0.0194629,0.741864,0.0198432,-0.675176,0.0194251
-2692.95,3,26072,133284,0.605003,0.0175851,1.12269,0.0585915,-0.369648,0.0099203,0.0459083,0.027395,0.375447,0.00989648,-0.00591537,0.0282287,0.688644,0.0199914,-0.722736,0.0196509,0.752994,0.0199509,-0.694898,0.0197197
-2878.68,3,26072,133284,0.586322,0.0170277,1.1578,0.0578472,-0.386431,0.00979053,0.047303,0.0272415,0.387818,0.00975418,0.0211497,0.0280883,0.706858,0.0193264,-0.747974,0.0191256,0.75408,0.0195574,-0.684079,0.019361
-2652.31,3,26072,133284,0.585631,0.017529,1.13319,0.0581354,-0.376862,0.00984919,0.0807792,0.0271635,0.350358,0.00978868,0.0238656,0.0268146,0.695158,0.0196948,-0.73768,0.0200821,0.732444,0.0196688,-0.731043,0.0203479
-2800.53,3,26072,133284,0.596512,0.0169313,1.12399,0.0540822,-0.373837,0.00974853,0.0158471,0.0269796,0.36645,0.00975313,0.00279801,0.0271647,0.724922,0.0191281,-0.75245,0.0193567,0.725767,0.0200353,-0.70642,0.0202379
-2760.18,3,26072,133284,0.596235,0.0169514,1.14971,0.0563325,-0.373684,0.00971989,0.0271811,0.0273116,0.366646,0.00971738,0.0201492,0.0271484,0.683717,0.0191548,-0.757738,0.0196749,0.771583,0.0199511,-0.681393,0.0195137
-2816.21,3,26072,133284,0.585634,0.0171454,1.11423,0.0538995,-0.37526,0.00970333,0.0124287,0.027311,0.377905,0.00975144,-0.0212426,0.0273822,0.66093,0.0195248,-0.753572,0.0201079,0.782724,0.0197323,-0.709741,0.0191627
-2867.24,3,26072,133284,0.565398,0.0167306,1.20196,0.0576951,-0.366693,0.00979224,0.00206617,0.0270319,0.386777,0.00967863,-0.0449767,0.0264843,0.660322,0.0195992,-0.761515,0.0200443,0.751536,0.018997,-0.745108,0.0192229
-2767.45,3,26072,133284,0.568949,0.0168218,1.23375,0.0609842,-0.365536,0.00986612,0.00977923,0.0275907,0.383143,0.00990261,-0.0152925,0.0277875,0.688182,0.0198069,-0.744296,0.0197138,0.764293,0.0201967,-0.6703,0.0193043
-2829.57,3,26072,133284,0.577582,0.0170526,1.15696,0.0572803,-0.378697,0.00971441,0.0382204,0.026714,0.380308,0.00971138,-0.0435526,0.0274,0.700638,0.0190678,-0.756568,0.0192035,0.757121,0.0195037,-0.688073,0.0195278
-2869.16,3,26072,133284,0.570785,0.0168515,1.11834,0.0532552,-0.356973,0.00952874,0.036708,0.0258545,0.383054,0.00960025,-0.0411383,0.026745,0.721541,0.0197665,-0.75005,0.0194318,0.784065,0.0200108,-0.708158,0.0193188
-2839.47,3,26072,133284,0.567544,0.0166692,1.11999,0.0487985,-0.383882,0.0098861,0.00298374,0.0269425,0.367097,0.00978179,-0.00310297,0.0270408,0.691693,0.0193913,-0.762269,0.0196235,0.748054,0.019942,-0.706323,0.0198144
-2873.59,3,26072,133284,0.57249,0.0172864,1.11935,0.0549067,-0.362762,0.00970498,-0.00758825,0.0270401,0.373257,0.00955813,0.0183714,0.0268292,0.645003,0.0192656,-0.791863,0.0204094,0.790166,0.0199114,-0.707434,0.0192317
-2772.58,3,26072,133284,0.592681,0.0165693,1.2347,0.05896,-0.377838,0.00990581,0.0272122,0.0282877,0.371137,0.0098552,-0.0528791,0.0278779,0.689021,0.0193464,-0.736546,0.0197006,0.72673,0.0196588,-0.688693,0.0196036
-2841.76,3,26072,133284,0.566868,0.0167234,1.2548,0.0619249,-0.375923,0.00991784,-0.00617889,0.027512,0.390293,0.010042,0.0216924,0.0286094,0.69942,0.0189512,-0.733005,0.0190104,0.755572,0.0200901,-0.651737,0.0193878
-2720.45,3,26072,133284,0.570695,0.0171888,1.22695,0.0640837,-0.356024,0.00973385,-0.0193772,0.0273674,0.392942,0.00985666,0.0136994,0.029188,0.694945,0.0194985,-0.736966,0.0191614,0.774476,0.0200704,-0.65319,0.0191156
-2796.82,3,26072,133284,0.588803,0.0170036,1.16022,0.0561568,-0.378433,0.00977587,-0.0114906,0.0272159,0.365449,0.00973896,0.0582136,0.0277737,0.676067,0.019195,-0.740826,0.0196342,0.773867,0.0200184,-0.701628,0.0193601
-2745.26,3,26072,133284,0.592045,0.0166814,1.26653,0.0665641,-0.370813,0.00983201,0.0388835,0.0273049,0.37832,0.00988324,0.0458111,0.028104,0.709499,0.0196317,-0.703841,0.018937,0.748819,0.0196932,-0.690996,0.0194584
-2834.78,3,26072,133284,0.574626,0.0162836,1.26835,0.0605086,-0.371305,0.00971926,0.0627539,0.0274351,0.36408,0.00977421,0.0118337,0.0267836,0.668866,0.0187879,-0.77258,0.0200287,0.773393,0.0199243,-0.691744,0.0196703
-2580.95,3,26072,133284,0.610976,0.0177124,1.19932,0.0664136,-0.377699,0.0100599,0.0670458,0.0289997,0.359656,0.0100785,-0.114394,0.0291598,0.648681,0.0195843,-0.735208,0.0202695,0.749496,0.0204168,-0.655091,0.0198373
-2742.89,3,26072,133284,0.567403,0.0170468,1.17797,0.0582294,-0.356394,0.00969474,-0.032423,0.0267791,0.368176,0.00977703,-0.0200562,0.0278531,0.709844,0.0196017,-0.750231,0.019712,0.771293,0.0203274,-0.676493,0.0195474
-2978.67,3,26072,133284,0.593067,0.0165798,1.17225,0.0546992,-0.364134,0.00965895,-0.0200141,0.0261311,0.393222,0.0097232,0.00516257,0.0269511,0.668341,0.0191487,-0.794993,0.0195955,0.79644,0.0198568,-0.666387,0.0190405
-2807.38,3,26072,133284,0.577392,0.0162979,1.33454,0.0673152,-0.378944,0.00994861,-0.0105634,0.0285923,0.391508,0.00992999,0.0403144,0.0285799,0.64681,0.0187638,-0.740703,0.0192461,0.750265,0.0194316,-0.682939,0.0193378
-2805.15,3,26072,133284,0.588612,0.0170293,1.2817,0.0743935,-0.381212,0.00979399,0.0243865,0.0276248,0.381639,0.00978671,-0.0381829,0.0272063,0.67769,0.0189697,-0.743125,0.0194286,0.762721,0.0197166,-0.689441,0.0191733
-2888.36,3,26072,133284,0.560633,0.0168074,1.12094,0.0497848,-0.375836,0.00987177,0.0208602,0.0276327,0.390658,0.00985661,-0.0103774,0.0275827,0.696509,0.0193108,-0.752992,0.0192623,0.729201,0.0197831,-0.71985,0.0196534
-2685.89,3,26072,133284,0.566532,0.0175996,1.13709,0.0569266,-0.367073,0.00989323,0.0431244,0.0283016,0.364976,0.00980005,0.0147918,0.0271869,0.675016,0.019594,-0.773668,0.0200278,0.727857,0.0200075,-0.711325,0.0204523
-2814.86,3,26072,133284,0.579276,0.0170809,1.17334,0.0589266,-0.394004,0.00985133,0.0372728,0.0280189,0.365296,0.00969766,-0.0275466,0.0273288,0.673903,0.0190754,-0.747126,0.0196994,0.718202,0.019195,-0.749006,0.0201371
-2837.36,3,26072,133284,0.566811,0.017395,1.13317,0.0566855,-0.370877,0.0096606,0.0340535,0.0264911,0.378624,0.00977198,-0.0166284,0.0276566,0.683265,0.0198932,-0.741089,0.0197594,0.815911,0.0199762,-0.676787,0.0188455
-2741.44,3,26072,8389,0.558685,0.0173285,1.17287,0.0566106,-0.377903,0.0099976,0.0498781,0.0283824,0.363702,0.0100182,0.0182294,0.0279893,0.675916,0.0198969,-0.739208,0.0201254,0.753781,0.0199843,-0.684847,0.0199082
-2742.98,3,26072,8389,0.580829,0.0172714,1.20667,0.0645159,-0.366554,0.00985284,-0.00267425,0.0270527,0.380471,0.00976829,-0.0086354,0.0277422,0.700332,0.0190434,-0.761533,0.019204,0.722603,0.0199866,-0.694344,0.0199817
>>>>>>> 8cb67a3e7578b463d1ba863074dd5a38dd5a3761
