-2989.93  3  26072  26072  0.564069  0.0164159  1.20581  0.0573301  -0.384336  0.00956983  0.0559072  0.0287124  0.363556  0.00954997  -0.00760776  0.027693  0.587641  0.0177282  -0.748247  0.0190313  0.752332  0.0189855  -0.625783  0.0184061
-2982.18  3  26072  26072  0.579097  0.0166768  1.19297  0.0611734  -0.372759  0.0094544  0.00837387  0.0273804  0.381015  0.00939727  -0.00987413  0.0275488  0.620723  0.017337  -0.756006  0.0183359  0.726827  0.0190349  -0.635473  0.0184453
-3001.45  3  26072  26072  0.594843  0.0168245  1.19287  0.0617132  -0.367548  0.00954464  -0.0440045  0.0279834  0.396942  0.00953856  -0.0695325  0.0282682  0.595976  0.0174315  -0.752036  0.018427  0.737763  0.0190309  -0.611755  0.018077
-2900.12  3  26072  26072  0.601897  0.0168446  1.15488  0.0592073  -0.371785  0.00953537  0.0417974  0.0276896  0.376208  0.00951602  -0.00927421  0.0283026  0.60793  0.0180009  -0.726649  0.0186467  0.749208  0.0191513  -0.627846  0.0182808
-3078.9  3  26072  26072  0.586214  0.0164107  1.18418  0.0588752  -0.388339  0.00941889  0.043861  0.0276106  0.386812  0.00939985  0.0140657  0.0282735  0.624326  0.0174675  -0.744677  0.01817  0.749493  0.01875  -0.619212  0.0180143
-2852.37  3  26072  26072  0.582221  0.0168742  1.16043  0.0589643  -0.377909  0.00950358  0.0744669  0.0274734  0.354775  0.00942051  0.0175948  0.0270137  0.614941  0.0177816  -0.738504  0.0189974  0.732229  0.0189608  -0.657552  0.0187796
-2995.81  3  26072  26072  0.592895  0.0163394  1.15391  0.0550436  -0.375977  0.00941015  0.0183923  0.027378  0.369766  0.00939589  -0.00325258  0.027406  0.640934  0.0173913  -0.748198  0.0183578  0.725939  0.0191611  -0.636864  0.0186634
-2967.05  3  26072  26072  0.591554  0.0163404  1.17354  0.0567049  -0.375997  0.00937984  0.0269867  0.0276789  0.368611  0.00937093  0.0111021  0.0274077  0.606371  0.0173782  -0.755794  0.0186555  0.763585  0.0191614  -0.61587  0.0181365
-3021.61  3  26072  26072  0.58427  0.0165413  1.13847  0.054478  -0.376669  0.00934908  0.0146878  0.0275907  0.378322  0.0093888  -0.0216509  0.0275524  0.586007  0.0176378  -0.752895  0.0190226  0.77427  0.0189378  -0.643182  0.0179103
-3067.23  3  26072  26072  0.565906  0.0161713  1.21496  0.0580244  -0.370435  0.00940964  0.00344601  0.0273719  0.38566  0.00933119  -0.0485007  0.0266224  0.585976  0.0176747  -0.760205  0.0189213  0.745623  0.0183155  -0.672957  0.0179719
-2977.72  3  26072  26072  0.570357  0.0162244  1.24657  0.061454  -0.369309  0.00946884  0.0109766  0.0278415  0.382501  0.00950719  -0.0162973  0.0278561  0.608766  0.0178584  -0.74547  0.0186617  0.756951  0.0192802  -0.60855  0.0179898
-3031.63  3  26072  26072  0.578175  0.016474  1.18092  0.0584694  -0.379484  0.00936101  0.0344682  0.0270514  0.381105  0.00934621  -0.0446464  0.0275377  0.620969  0.0173494  -0.754161  0.0182459  0.751933  0.0187582  -0.6222  0.0181485
-3062.03  3  26072  26072  0.572206  0.0163392  1.14266  0.054267  -0.360656  0.00920576  0.0346508  0.0262862  0.38312  0.00926682  -0.044472  0.0270267  0.636168  0.0178544  -0.750052  0.0184504  0.774562  0.0191968  -0.640106  0.0179957
-3041.66  3  26072  26072  0.567362  0.0161028  1.14298  0.0494496  -0.385639  0.00951448  0.0043488  0.027363  0.369134  0.00941101  -0.00695181  0.0272319  0.612304  0.0175153  -0.759998  0.018609  0.743058  0.0190999  -0.638043  0.0183967
-3080.58  3  26072  26072  0.573633  0.016652  1.14723  0.0557618  -0.365104  0.00933827  -0.00867625  0.0273473  0.37355  0.0092054  0.0127904  0.0270961  0.574494  0.01744  -0.78596  0.0192502  0.781481  0.0191395  -0.640371  0.0179598
-2981.58  3  26072  26072  0.589624  0.015915  1.25367  0.05922  -0.379211  0.00953847  0.0259582  0.028559  0.372935  0.00947615  -0.0530358  0.027967  0.610184  0.0175452  -0.738285  0.018617  0.723743  0.0188808  -0.622953  0.0182332
-3052.54  3  26072  26072  0.569935  0.0160126  1.2771  0.0626981  -0.377604  0.00952616  -0.00517344  0.0277581  0.391115  0.00962872  0.0146794  0.0287066  0.621287  0.0173015  -0.731344  0.0180142  0.748888  0.0191643  -0.59084  0.0179907
-2931.75  3  26072  26072  0.570691  0.0165452  1.23878  0.0641718  -0.359309  0.00936221  -0.0162842  0.027581  0.391887  0.00947611  0.00342089  0.0291415  0.615535  0.0176897  -0.738213  0.0182341  0.768653  0.0192329  -0.593884  0.0178018
-3001.55  3  26072  26072  0.588079  0.0163738  1.17912  0.056531  -0.379896  0.00940921  -0.0108157  0.0275304  0.36722  0.00936328  0.050091  0.0277294  0.600563  0.017449  -0.741286  0.0186302  0.766964  0.0191893  -0.635909  0.0180362
-2948.98  3  26072  26072  0.588877  0.0160639  1.28069  0.0666219  -0.373576  0.00946989  0.0351784  0.0275805  0.379458  0.00951279  0.0375191  0.0282766  0.626543  0.017756  -0.707678  0.0180194  0.745101  0.0188799  -0.625229  0.0181007
-3041.63  3  26072  26072  0.574921  0.0157033  1.28186  0.0610154  -0.373286  0.00935744  0.0607074  0.0277104  0.366457  0.00939661  0.00771643  0.0269948  0.596599  0.0171224  -0.766691  0.0188713  0.766431  0.0190945  -0.62478  0.0182631
-2803.92  3  26072  26072  0.607087  0.0169493  1.21285  0.0657225  -0.378753  0.00964159  0.0637255  0.0290892  0.362888  0.00965073  -0.105054  0.0290729  0.57721  0.0176749  -0.737353  0.0191263  0.746756  0.0195197  -0.593756  0.0183685
-2947.49  3  26072  26072  0.568074  0.0163975  1.20135  0.0587876  -0.360394  0.00934286  -0.0292514  0.0271454  0.370516  0.00941013  -0.0216732  0.0280118  0.627629  0.0177301  -0.748865  0.0187005  0.763702  0.0194315  -0.612792  0.0181417
-3184.5  3  26072  26072  0.590952  0.0160025  1.19202  0.0551654  -0.366728  0.0092927  -0.0158308  0.0264707  0.39099  0.00936783  -0.000489307  0.0271578  0.592619  0.0173651  -0.788572  0.0186472  0.787414  0.0190638  -0.604824  0.0177657
-3022.65  3  26072  26072  0.575996  0.0156834  1.33933  0.0673444  -0.379807  0.00954377  -0.009563  0.0287225  0.391292  0.00953183  0.0323028  0.028625  0.577987  0.0171315  -0.739191  0.0182118  0.745984  0.0186515  -0.618343  0.017985
-3011.59  3  26072  26072  0.586969  0.016301  1.30088  0.0747287  -0.382232  0.00942679  0.0215742  0.0278855  0.382457  0.00942174  -0.0396199  0.0274036  0.601894  0.0172727  -0.739486  0.0183745  0.756367  0.0188626  -0.624773  0.0178752
-3087.88  3  26072  26072  0.561389  0.0162325  1.1433  0.0504925  -0.377981  0.0095009  0.0218292  0.0279183  0.390547  0.00948484  -0.0135087  0.0276757  0.61694  0.0175271  -0.750055  0.0183014  0.727077  0.0189353  -0.650511  0.0182704
-2893.59  3  26072  26072  0.568805  0.016939  1.16166  0.0578825  -0.369605  0.00952209  0.0404904  0.028565  0.367405  0.0094285  0.00957424  0.0273821  0.597872  0.0176872  -0.770248  0.018956  0.726857  0.0191997  -0.639891  0.0188597
-3014.44  3  26072  26072  0.580495  0.0164638  1.19381  0.0595093  -0.394418  0.00949297  0.0360688  0.0283384  0.367897  0.00934625  -0.0326063  0.0274924  0.598152  0.0173154  -0.745073  0.0186033  0.716855  0.0184659  -0.672843  0.0186532
-3043.61  3  26072  26072  0.567075  0.0167658  1.15809  0.0575425  -0.372811  0.00930192  0.0325546  0.0267815  0.377798  0.00938365  -0.0219351  0.0277129  0.603498  0.0179158  -0.744768  0.0187334  0.802883  0.0191691  -0.615486  0.0176231
